255 255 255 255 255 255 255 255 255 255 255 255 255 255 255 255
255 253 231 231 231 231 231 231 231 231 231 231 231 231 253 255
255 231   0   0   0   0   0   0   0   0   0   0   0   0 231 255
255 231   0   0   0   0   0   0   0   0   0   0   0   0 231 255
255 231   0   0   0   0   0  34  72  72  72  20   0   0 231 255
255 231   0   0   0  30  88 125 214 255 255  72   0   0 231 255
255 231   0   0   0  88 213 129 184 255 255  72   0   0 231 255
255 231   0   0  34 125 129 183 255 255 177  38   0   0 231 255
255 231   0   0  62 190 184 255 255 175  41   0   0   0 231 255
255 231   0   0  21  85 165 255 175  42   0   0   0   0 231 255
255 231   0   0   0   0  36  88  41   0   0   0   0   0 231 255
255 231   0   0   0   0   0   0   0   0   0   0   0   0 231 255
255 231   0   0   0   0   0   0   0   0   0   0   0   0 231 255
255 231   0   0   0   0   0   0   0   0   0   0   0   0 231 255
255 253 231 231 231 231 231 231 231 231 231 231 231 231 253 255
255 255 255 255 255 255 255 255 255 255 255 255 255 255 255 255
254 254 254 254 254 254 254 254 254 254 254 254 254 254 254 254
254 252 230 230 230 230 230 230 230 230 230 230 230 230 252 254
254 230   0   0   0   0   0   0   0   0   0   0   0   0 230 254
254 230   0   0   0   0   0   0   0   0   0   0   0   0 230 254
254 230   0   0   0   0   0  34  72  72  72  20   0   0 230 254
254 230   0   0   0  30  88 125 214 255 255  72   0   0 230 254
254 230   0   0   0  88 213 129 184 255 255  72   0   0 230 254
254 230   0   0  34 125 129 183 255 255 177  38   0   0 230 254
254 230   0   0  62 190 184 255 255 175  41   0   0   0 230 254
254 230   0   0  21  85 165 255 175  42   0   0   0   0 230 254
254 230   0   0   0   0  36  88  41   0   0   0   0   0 230 254
254 230   0   0   0   0   0   0   0   0   0   0   0   0 230 254
254 230   0   0   0   0   0   0   0   0   0   0   0   0 230 254
254 230   0   0   0   0   0   0   0   0   0   0   0   0 230 254
254 252 230 230 230 230 230 230 230 230 230 230 230 230 252 254
254 254 254 254 254 254 254 254 254 254 254 254 254 254 254 254
253 253 253 253 253 253 253 253 253 253 253 253 253 253 253 253
253 251 229 229 229 229 229 229 229 229 229 229 229 229 251 253
253 229   0   0   0   0   0   0   0   0   0   0   0   0 229 253
253 229   0   0   0   0   0   0   0   0   0   0   0   0 229 253
253 229   0   0   0   0   0  34  72  72  72  20   0   0 229 253
253 229   0   0   0  30  88 125 214 255 255  72   0   0 229 253
253 229   0   0   0  88 213 129 184 255 255  72   0   0 229 253
253 229   0   0  34 125 129 183 255 255 177  38   0   0 229 253
253 229   0   0  62 190 184 255 255 175  41   0   0   0 229 253
253 229   0   0  21  85 165 255 175  42   0   0   0   0 229 253
253 229   0   0   0   0  36  88  41   0   0   0   0   0 229 253
253 229   0   0   0   0   0   0   0   0   0   0   0   0 229 253
253 229   0   0   0   0   0   0   0   0   0   0   0   0 229 253
253 229   0   0   0   0   0   0   0   0   0   0   0   0 229 253
253 251 229 229 229 229 229 229 229 229 229 229 229 229 251 253
253 253 253 253 253 253 253 253 253 253 253 253 253 253 253 253

255 255 255 255 255 255 255 255 255 255 255 255 255 255 255 255
255 253 231 231 231 231 231 231 231 231 231 231 231 231 253 255
255 231   0   0   0   0   0   0   0   0   0   0   0   0 231 255
255 231   0   0   0   0   0   0   0   0   0   0   0   0 231 255
255 231   0   0  20  72  72  38   0   0   0   0   0   0 231 255
255 231   0   0  72 255 255 177  41   0   0   0   0   0 231 255
255 231   0   0  72 255 255 255 175  42   0   0   0   0 231 255
255 231   0   0  72 214 184 255 255 175  41   0   0   0 231 255
255 231   0   0  34 125 129 183 255 255  88   0   0   0 231 255
255 231   0   0   0  88 213 129 184 165  36   0   0   0 231 255
255 231   0   0   0  30  88 125 190  85   0   0   0   0 231 255
255 231   0   0   0   0   0  34  62  21   0   0   0   0 231 255
255 231   0   0   0   0   0   0   0   0   0   0   0   0 231 255
255 231   0   0   0   0   0   0   0   0   0   0   0   0 231 255
255 253 231 231 231 231 231 231 231 231 231 231 231 231 253 255
255 255 255 255 255 255 255 255 255 255 255 255 255 255 255 255
254 254 254 254 254 254 254 254 254 254 254 254 254 254 254 254
254 252 230 230 230 230 230 230 230 230 230 230 230 230 252 254
254 230   0   0   0   0   0   0   0   0   0   0   0   0 230 254
254 230   0   0   0   0   0   0   0   0   0   0   0   0 230 254
254 230   0   0  20  72  72  38   0   0   0   0   0   0 230 254
254 230   0   0  72 255 255 177  41   0   0   0   0   0 230 254
254 230   0   0  72 255 255 255 175  42   0   0   0   0 230 254
254 230   0   0  72 214 184 255 255 175  41   0   0   0 230 254
254 230   0   0  34 125 129 183 255 255  88   0   0   0 230 254
254 230   0   0   0  88 213 129 184 165  36   0   0   0 230 254
254 230   0   0   0  30  88 125 190  85   0   0   0   0 230 254
254 230   0   0   0   0   0  34  62  21   0   0   0   0 230 254
254 230   0   0   0   0   0   0   0   0   0   0   0   0 230 254
254 230   0   0   0   0   0   0   0   0   0   0   0   0 230 254
254 252 230 230 230 230 230 230 230 230 230 230 230 230 252 254
254 254 254 254 254 254 254 254 254 254 254 254 254 254 254 254
253 253 253 253 253 253 253 253 253 253 253 253 253 253 253 253
253 251 229 229 229 229 229 229 229 229 229 229 229 229 251 253
253 229   0   0   0   0   0   0   0   0   0   0   0   0 229 253
253 229   0   0   0   0   0   0   0   0   0   0   0   0 229 253
253 229   0   0  20  72  72  38   0   0   0   0   0   0 229 253
253 229   0   0  72 255 255 177  41   0   0   0   0   0 229 253
253 229   0   0  72 255 255 255 175  42   0   0   0   0 229 253
253 229   0   0  72 214 184 255 255 175  41   0   0   0 229 253
253 229   0   0  34 125 129 183 255 255  88   0   0   0 229 253
253 229   0   0   0  88 213 129 184 165  36   0   0   0 229 253
253 229   0   0   0  30  88 125 190  85   0   0   0   0 229 253
253 229   0   0   0   0   0  34  62  21   0   0   0   0 229 253
253 229   0   0   0   0   0   0   0   0   0   0   0   0 229 253
253 229   0   0   0   0   0   0   0   0   0   0   0   0 229 253
253 251 229 229 229 229 229 229 229 229 229 229 229 229 251 253
253 253 253 253 253 253 253 253 253 253 253 253 253 253 253 253

254 253 250 250 250 250 250 250 250 250 250 250 250 250 254 255
253 227 161 161 161 161 161 161 161 161 161 161 161 161 234 255
251 180   0   0   0   0   0   0   0   0   0   0   0   0 199 255
251 180   0   0   0   0   0   0   0   0   0   0   0   0 199 255
251 180   0   0   0   0   0   0   0   0   1   0   0   0 199 255
251 180   0   0   0   0  13  54  78  58  29  10   1   0 199 255
251 180   0   0   0  15  92 192 227 192 111  32   2   0 199 255
251 180   0   0   3  71 208 255 255 186 160  50   2   0 199 255
251 180   0   0  30 155 253 254 207 147 137  37   0   0 199 255
251 180   0  11  98 228 235 201 186 175  77   9   0   0 199 255
251 180   0  15  98 193 204 169 119  68  16   0   0   0 199 255
251 180   0   3  21  42  49  42  21   3   0   0   0   0 199 255
251 180   0   0   0   0   0   0   0   0   0   0   0   0 199 255
251 180   0   0   0   0   0   0   0   0   0   0   0   0 199 255
254 233 181 181 181 181 181 181 181 181 181 181 181 181 238 255
255 255 255 255 255 255 255 255 255 255 255 255 255 255 255 255
253 252 249 249 249 249 249 249 249 249 249 249 249 249 253 254
252 226 160 160 160 160 160 160 160 160 160 160 160 160 233 254
250 179   0   0   0   0   0   0   0   0   0   0   0   0 198 254
250 179   0   0   0   0   0   0   0   0   0   0   0   0 198 254
250 179   0   0   0   0   0   0   0   0   1   0   0   0 198 254
250 179   0   0   0   0  13  54  78  58  29  10   1   0 198 254
250 179   0   0   0  15  92 192 227 192 111  32   2   0 198 254
250 179   0   0   3  71 208 255 255 186 160  50   2   0 198 254
250 179   0   0  30 155 253 254 207 147 137  37   0   0 198 254
250 179   0  11  98 228 235 201 186 175  77   9   0   0 198 254
250 179   0  15  98 193 204 169 119  68  16   0   0   0 198 254
250 179   0   3  21  42  49  42  21   3   0   0   0   0 198 254
250 179   0   0   0   0   0   0   0   0   0   0   0   0 198 254
250 179   0   0   0   0   0   0   0   0   0   0   0   0 198 254
253 232 180 180 180 180 180 180 180 180 180 180 180 180 237 254
254 254 254 254 254 254 254 254 254 254 254 254 254 254 254 254
252 251 248 248 248 248 248 248 248 248 248 248 248 248 252 253
251 225 159 159 159 159 159 159 159 159 159 159 159 159 232 253
249 178   0   0   0   0   0   0   0   0   0   0   0   0 197 253
249 178   0   0   0   0   0   0   0   0   0   0   0   0 197 253
249 178   0   0   0   0   0   0   0   0   1   0   0   0 197 253
249 178   0   0   0   0  13  54  78  58  29  10   1   0 197 253
249 178   0   0   0  15  92 192 227 192 111  32   2   0 197 253
249 178   0   0   3  71 208 255 255 186 160  50   2   0 197 253
249 178   0   0  30 155 253 254 207 147 137  37   0   0 197 253
249 178   0  11  98 228 235 201 186 175  77   9   0   0 197 253
249 178   0  15  98 193 204 169 119  68  16   0   0   0 197 253
249 178   0   3  21  42  49  42  21   3   0   0   0   0 197 253
249 178   0   0   0   0   0   0   0   0   0   0   0   0 197 253
249 178   0   0   0   0   0   0   0   0   0   0   0   0 197 253
252 231 180 180 180 180 180 180 180 180 180 180 180 180 237 253
253 253 253 253 253 253 253 253 253 253 253 253 253 253 253 253

255 255 255 255 255 255 255 255 255 255 255 255 255 255 255 255
254 234 199 199 199 199 199 199 199 199 199 199 199 199 238 255
250 161   0   0   0   0   0   0   0   0   0   0   0   0 181 255
250 161   0   0   0   1   2   2   0   0   0   0   0   0 181 255
250 161   0   0   0  10  32  50  37   9   0   0   0   0 181 255
250 161   0   0   1  29 111 160 137  77  16   0   0   0 181 255
250 161   0   0   0  58 192 186 147 175  68   3   0   0 181 255
250 161   0   0   0  78 227 255 207 186 119  21   0   0 181 255
250 161   0   0   0  54 192 255 254 201 169  42   0   0 181 255
250 161   0   0   0  13  92 208 253 235 204  49   0   0 181 255
250 161   0   0   0   0  15  71 155 228 193  42   0   0 181 255
250 161   0   0   0   0   0   3  30  98  98  21   0   0 181 255
250 161   0   0   0   0   0   0   0  11  15   3   0   0 181 255
250 161   0   0   0   0   0   0   0   0   0   0   0   0 181 255
253 227 180 180 180 180 180 180 180 180 180 180 180 180 233 255
254 253 251 251 251 251 251 251 251 251 251 251 251 251 254 255
254 254 254 254 254 254 254 254 254 254 254 254 254 254 254 254
253 233 198 198 198 198 198 198 198 198 198 198 198 198 237 254
249 160   0   0   0   0   0   0   0   0   0   0   0   0 180 254
249 160   0   0   0   1   2   2   0   0   0   0   0   0 180 254
249 160   0   0   0  10  32  50  37   9   0   0   0   0 180 254
249 160   0   0   1  29 111 160 137  77  16   0   0   0 180 254
249 160   0   0   0  58 192 186 147 175  68   3   0   0 180 254
249 160   0   0   0  78 227 255 207 186 119  21   0   0 180 254
249 160   0   0   0  54 192 255 254 201 169  42   0   0 180 254
249 160   0   0   0  13  92 208 253 235 204  49   0   0 180 254
249 160   0   0   0   0  15  71 155 228 193  42   0   0 180 254
249 160   0   0   0   0   0   3  30  98  98  21   0   0 180 254
249 160   0   0   0   0   0   0   0  11  15   3   0   0 180 254
249 160   0   0   0   0   0   0   0   0   0   0   0   0 180 254
252 226 179 179 179 179 179 179 179 179 179 179 179 179 232 254
253 252 250 250 250 250 250 250 250 250 250 250 250 250 253 254
253 253 253 253 253 253 253 253 253 253 253 253 253 253 253 253
252 232 197 197 197 197 197 197 197 197 197 197 197 197 237 253
248 159   0   0   0   0   0   0   0   0   0   0   0   0 180 253
248 159   0   0   0   1   2   2   0   0   0   0   0   0 180 253
248 159   0   0   0  10  32  50  37   9   0   0   0   0 180 253
248 159   0   0   1  29 111 160 137  77  16   0   0   0 180 253
248 159   0   0   0  58 192 186 147 175  68   3   0   0 180 253
248 159   0   0   0  78 227 255 207 186 119  21   0   0 180 253
248 159   0   0   0  54 192 255 254 201 169  42   0   0 180 253
248 159   0   0   0  13  92 208 253 235 204  49   0   0 180 253
248 159   0   0   0   0  15  71 155 228 193  42   0   0 180 253
248 159   0   0   0   0   0   3  30  98  98  21   0   0 180 253
248 159   0   0   0   0   0   0   0  11  15   3   0   0 180 253
248 159   0   0   0   0   0   0   0   0   0   0   0   0 180 253
251 225 178 178 178 178 178 178 178 178 178 178 178 178 231 253
252 251 249 249 249 249 249 249 249 249 249 249 249 249 252 253
